file    ini     qual_ini  qual    time    lsTime  gen     opt
br17.atsp       55,13     41,37   0       0,01    1,5     30 (30)
ftv33.atsp      1591,84   23,78   0       0,11    9,17    30 (30)
ftv35.atsp      1748,06   18,67   0       0,82    97,3    30 (30)
ftv38.atsp      1766,10   15,43   0,04    5,38    617,4   20 (30)
p43.atsp        5739,47   2,13    0       1,28    63,37   30 (30)
ftv44.atsp      2164,65   34,20   0       1,38    115,03  30 (30)
ftv47.atsp      2308,02   29,96   0       0,18    12,93   30 (30)
ry48p.atsp      16057,9   11,34   0       1,72    95,8    30 (30)
ft53.atsp       9183,26   32,99   0       0,51    27,8    30 (30)
ftv55.atsp      2311,11   43,73   0       0,33    22,27   30 (30)
ftv64.atsp      2311,37   25,69   0       0,6     33,83   30 (30)
ft70.atsp       41892,1   8,32    0       6,45    309,53  29 (30)
ftv70.atsp      3690,40   89,25   0       1,19    62,13   30 (30)
ftv90.atsp      2215,85   40,33   0       1,01    36,77   30 (30)
kro124p.atsp    44246,7   22,13   0       2,01    47,3    30 (30)
ftv100.atsp     3785,62  111,72   0       1,21    37,83   30 (30)
ftv110.atsp     2828,82   44,48   0       6,08    163,27  30 (30)
ftv120.atsp     3024,13   39,62   0       24,63   584,67  30 (30)
ftv130.atsp     3036,77   31,63   0       8,73    192,57  30 (30)
ftv140.atsp     3277,09   35,42   0       15,87   310,93  30 (30)
ftv150.atsp     3496,24   33,90   0       6,43    113,9   30 (30)
ftv160.atsp     3700,04   37,91   0,01    39,42   683,37  28 (30)
ftv170.atsp     3952,20   43,46   0,01    42,81   618,13  28 (30)
rbg323.atsp     1863,41   40,53   0       14,68   31,1    30 (30)
rbg358.atsp     1782,91   53,30   0       15,08   26,8    30 (30)
rbg403.atsp     3428,4    39,08   0       4,57    2,77    30 (30)
rbg443.atsp     3920,25   44,13   0       5,21    2,23    30 (30)
                6495,47           0       7,69    159,99  29,44/30
