file            ini     qual_ini  qual    time    gen     opt
br17.atsp       58,23     49,32   0       0,03    1,6     30 (30)
ftv33.atsp      1592,17   23,81   0       0,11    9,43    30 (30)
ftv35.atsp      1748,07   18,67   0,02    0,53    59,7    25 (30)
ftv38.atsp      1776,67   16,12   0,10    1,69    189,07  6 (30)
p43.atsp        5741,42   2,16    0       0,66    47,97   30 (30)
ftv44.atsp      2168,38   34,43   0,13    1,20    108,23  25 (30)
ftv47.atsp      2313,71   30,28   0       0,18    9,53    30 (30)
ry48p.atsp      16058,12  11,34   0       1,36    77,83   29 (30)
ft53.atsp       9183,27   32,99   0       0,61    25      30 (30)
ftv55.atsp      2311,11   43,73   0       0,33    22,6    30 (30)
ftv64.atsp      2315,17   25,89   0       0,68    40      30 (30)
ft70.atsp       41903,94  8,35    0,03    4,94    209,97  12 (30)
ftv70.atsp      3689,4    89,2    0       1,24    60,23   30 (30)
ftv90.atsp      2209,75   39,95   0       1,17    40,33   30 (30)
kro124p.atsp    44299,02  22,27   0       2,01    44,3    30 (30)
ftv100.atsp     3792,43   112,10  0       1,36    36,93   30 (30)
ftv110.atsp     2835,65   44,82   0,04    7,24    169,47  24 (30)
ftv120.atsp     3009,49   38,94   0,15    12,93   293,97  12 (30)
ftv130.atsp     3029,25   31,31   0,02    6,34    135,77  27 (30)
ftv140.atsp     3271,21   35,17   0,09    12,54   244,6   18 (30)
ftv150.atsp     3496,04   33,9    0       6,41    114,1   30 (30)
ftv160.atsp     3698,17   37,84   0,05    14,36   238,63  19 (30)
ftv170.atsp     3952,21   43,46   0,16    24,49   342,63  11 (30)
rbg323.atsp     1872,71   41,23   0       12,7    26,77   30 (30)
rbg358.atsp     1775,56   52,67   0       14,81   26,53   30 (30)
rbg403.atsp     3428,72   39,1    0       4,93    3,2     30 (30)
rbg443.atsp     3919,02   44,08   0       6,09    2,53    30 (30)
                6498,11           0,03    5,22    95,59   25,48/30
