file	ini	qual_ini	qual	time	lsTime	gen	opt
br17.atsp	53.17	36.32	0	0	1.43	30 (30)
ftv33.atsp	1591.77	23.78	0	0	8.8	30 (30)
ftv35.atsp	1748.06	18.67	0	0.02	74.8	30 (30)
ftv38.atsp	1762.27	15.18	0.05	0.13	572.17	18 (30)
p43.atsp	5737.24	2.09	0	0.03	87.43	30 (30)
ftv44.atsp	2159.61	33.89	0	0.03	108.87	30 (30)
ftv47.atsp	2318.32	30.54	0	0.01	13.4	30 (30)
ry48p.atsp	16058.28	11.35	0	0.05	119.83	30 (30)
ft53.atsp	9183.28	32.99	0	0.02	43.07	30 (30)
ftv55.atsp	2311.11	43.73	0	0.01	20.77	30 (30)
ftv64.atsp	2317.57	26.02	0	0.01	37.3	30 (30)
ft70.atsp	41904.02	8.35	0	0.18	362.9	29 (30)
ftv70.atsp	3689.4	89.2	0	0.03	57.4	30 (30)
ftv90.atsp	2200.45	39.36	0	0.07	34.8	30 (30)
kro124p.atsp	44253.31	22.15	0	0.05	48.47	30 (30)
ftv100.atsp	3781.64	111.5	0	0.03	46.87	30 (30)
ftv110.atsp	2844.39	45.27	0	0.33	421.47	29 (30)
ftv120.atsp	3015.28	39.21	0.01	0.7	689.63	29 (30)
ftv130.atsp	3046.91	32.07	0	0.17	175.77	30 (30)
ftv140.atsp	3280.06	35.54	0	0.36	321.23	30 (30)
