br17.atsp	0.01	39	0.01	2
br17.atsp	0	39	0.01	1
br17.atsp	0	39	0.01	1
br17.atsp	0	39	0	2
br17.atsp	0	39	0	2
br17.atsp	0	39	0	2
br17.atsp	0	39	0	1
br17.atsp	0	39	0	1
br17.atsp	0	39	0	2
br17.atsp	0	39	0	1
br17.atsp	0	39	0	2
br17.atsp	0	39	0	1
br17.atsp	0	39	0	2
br17.atsp	0	39	0	1
br17.atsp	0	39	0	2
br17.atsp	0	39	0	2
br17.atsp	0	39	0	1
br17.atsp	0	39	0	1
br17.atsp	0	39	0	1
br17.atsp	0	39	0	1
br17.atsp	0	39	0	1
br17.atsp	0	39	0	2
br17.atsp	0	39	0	2
br17.atsp	0	39	0	2
br17.atsp	0	39	0	1
br17.atsp	0	39	0	1
br17.atsp	0	39	0	2
br17.atsp	0	39	0	1
br17.atsp	0	39	0	1
br17.atsp	0	39	0	1
ftv33.atsp	0.01	1286	0.01	9
ftv33.atsp	0	1286	0	4
ftv33.atsp	0	1286	0	7
ftv33.atsp	0	1286	0	9
ftv33.atsp	0.01	1286	0.01	15
ftv33.atsp	0.01	1286	0.01	14
ftv33.atsp	0	1286	0	5
ftv33.atsp	0	1286	0	4
ftv33.atsp	0.01	1286	0.01	9
ftv33.atsp	0	1286	0	9
ftv33.atsp	0	1286	0	8
ftv33.atsp	0	1286	0	3
ftv33.atsp	0	1286	0	5
ftv33.atsp	0	1286	0	8
ftv33.atsp	0.01	1286	0.01	15
ftv33.atsp	0	1286	0	2
ftv33.atsp	0.01	1286	0.01	16
ftv33.atsp	0	1286	0	5
ftv33.atsp	0	1286	0	6
ftv33.atsp	0.01	1286	0.01	15
ftv33.atsp	0	1286	0	10
ftv33.atsp	0	1286	0	9
ftv33.atsp	0	1286	0	10
ftv33.atsp	0	1286	0	7
ftv33.atsp	0	1286	0	5
ftv33.atsp	0.01	1286	0.01	21
ftv33.atsp	0	1286	0	11
ftv33.atsp	0	1286	0	9
ftv33.atsp	0	1286	0	2
ftv33.atsp	0	1286	0	12
ftv35.atsp	0	1473	0	5
ftv35.atsp	0.01	1473	0.01	31
ftv35.atsp	0.06	1473	0.06	250
ftv35.atsp	0.01	1473	0.01	24
ftv35.atsp	0	1473	0	13
ftv35.atsp	0.09	1473	0.09	381
ftv35.atsp	0.01	1473	0.01	20
ftv35.atsp	0.01	1473	0.01	24
ftv35.atsp	0.02	1473	0.02	67
ftv35.atsp	0	1473	0	7
ftv35.atsp	0	1473	0	13
ftv35.atsp	0.16	1473	0.16	532
ftv35.atsp	0	1473	0	4
ftv35.atsp	0	1473	0	8
ftv35.atsp	0	1473	0	8
ftv35.atsp	0	1473	0	2
ftv35.atsp	0.03	1473	0.03	107
ftv35.atsp	0.03	1473	0.03	113
ftv35.atsp	0.02	1473	0.02	95
ftv35.atsp	0	1473	0	6
ftv35.atsp	0.05	1473	0.05	152
ftv35.atsp	0.01	1473	0.01	36
ftv35.atsp	0.02	1473	0.02	75
ftv35.atsp	0	1473	0	3
ftv35.atsp	0	1473	0	6
ftv35.atsp	0.05	1473	0.05	210
ftv35.atsp	0.01	1473	0.01	17
ftv35.atsp	0.01	1473	0.01	18
ftv35.atsp	0	1473	0	3
ftv35.atsp	0	1473	0	14
ftv38.atsp	0.08	1530	0.08	226
ftv38.atsp	0.23	1532	0.01	1041
ftv38.atsp	0.02	1530	0.02	98
ftv38.atsp	0.01	1530	0.01	59
ftv38.atsp	0.15	1530	0.15	698
ftv38.atsp	0.09	1530	0.09	414
ftv38.atsp	0.23	1532	0.01	1041
ftv38.atsp	0.2	1532	0	1041
ftv38.atsp	0	1530	0	18
ftv38.atsp	0.12	1530	0.12	498
ftv38.atsp	0.04	1530	0.04	132
ftv38.atsp	0.01	1530	0.01	26
ftv38.atsp	0.15	1530	0.15	497
ftv38.atsp	0.22	1532	0	1041
ftv38.atsp	0.22	1532	0.01	1041
ftv38.atsp	0.11	1530	0.11	495
ftv38.atsp	0.01	1530	0.01	20
ftv38.atsp	0.1	1530	0.1	211
ftv38.atsp	0.25	1532	0.01	1041
ftv38.atsp	0.02	1530	0.02	96
ftv38.atsp	0.19	1530	0.19	754
ftv38.atsp	0.03	1530	0.03	120
ftv38.atsp	0.2	1532	0.01	1041
ftv38.atsp	0.22	1532	0	1041
ftv38.atsp	0.2	1532	0	1041
ftv38.atsp	0.07	1530	0.07	304
ftv38.atsp	0.24	1532	0	1041
ftv38.atsp	0.18	1532	0.01	1041
ftv38.atsp	0.19	1532	0	1041
ftv38.atsp	0	1530	0	7
p43.atsp	0.07	5620	0.07	237
p43.atsp	0.02	5620	0.02	82
p43.atsp	0.01	5620	0.01	25
p43.atsp	0.04	5620	0.04	129
p43.atsp	0.1	5620	0.1	275
p43.atsp	0.01	5620	0.01	36
p43.atsp	0.01	5620	0.01	49
p43.atsp	0.03	5620	0.03	103
p43.atsp	0.03	5620	0.03	105
p43.atsp	0.04	5620	0.04	134
p43.atsp	0.03	5620	0.03	112
p43.atsp	0	5620	0	11
p43.atsp	0.01	5620	0.01	39
p43.atsp	0	5620	0	13
p43.atsp	0.04	5620	0.04	132
p43.atsp	0.04	5620	0.04	125
p43.atsp	0.01	5620	0.01	46
p43.atsp	0.01	5620	0.01	49
p43.atsp	0.01	5620	0.01	18
p43.atsp	0.02	5620	0.02	81
p43.atsp	0.01	5620	0.01	37
p43.atsp	0.04	5620	0.04	117
p43.atsp	0.01	5620	0.01	30
p43.atsp	0.08	5620	0.08	259
p43.atsp	0.02	5620	0.02	51
p43.atsp	0.05	5620	0.05	131
p43.atsp	0.02	5620	0.02	54
p43.atsp	0.04	5620	0.04	95
p43.atsp	0.01	5620	0.01	24
p43.atsp	0.01	5620	0.01	24
ftv44.atsp	0.03	1613	0.03	107
ftv44.atsp	0	1613	0	11
ftv44.atsp	0	1613	0	10
ftv44.atsp	0.07	1613	0.07	240
ftv44.atsp	0.04	1613	0.04	153
ftv44.atsp	0.02	1613	0.02	53
ftv44.atsp	0.01	1613	0.01	22
ftv44.atsp	0.05	1613	0.05	187
ftv44.atsp	0.05	1613	0.05	175
ftv44.atsp	0.04	1613	0.04	166
ftv44.atsp	0.05	1613	0.05	171
ftv44.atsp	0.02	1613	0.02	81
ftv44.atsp	0.08	1613	0.08	326
ftv44.atsp	0.06	1613	0.06	223
ftv44.atsp	0.03	1613	0.03	106
ftv44.atsp	0.05	1613	0.05	170
ftv44.atsp	0.03	1613	0.03	89
ftv44.atsp	0.03	1613	0.03	90
ftv44.atsp	0.02	1613	0.02	77
ftv44.atsp	0.02	1613	0.02	72
ftv44.atsp	0.01	1613	0.01	33
ftv44.atsp	0.05	1613	0.05	216
ftv44.atsp	0.02	1613	0.02	79
ftv44.atsp	0.01	1613	0.01	49
ftv44.atsp	0.02	1613	0.02	80
ftv44.atsp	0.03	1613	0.03	114
ftv44.atsp	0	1613	0	8
ftv44.atsp	0.01	1613	0.01	46
ftv44.atsp	0.02	1613	0.02	73
ftv44.atsp	0.01	1613	0.01	39
ftv47.atsp	0	1776	0	4
ftv47.atsp	0.01	1776	0.01	21
ftv47.atsp	0.01	1776	0.01	13
ftv47.atsp	0.01	1776	0.01	19
ftv47.atsp	0	1776	0	4
ftv47.atsp	0	1776	0	5
ftv47.atsp	0	1776	0	6
ftv47.atsp	0	1776	0	8
ftv47.atsp	0.01	1776	0.01	27
ftv47.atsp	0.02	1776	0.02	66
ftv47.atsp	0	1776	0	6
ftv47.atsp	0	1776	0	9
ftv47.atsp	0.01	1776	0.01	12
ftv47.atsp	0	1776	0	7
ftv47.atsp	0.01	1776	0.01	19
ftv47.atsp	0	1776	0	7
ftv47.atsp	0.01	1776	0.01	11
ftv47.atsp	0.01	1776	0.01	21
ftv47.atsp	0	1776	0	10
ftv47.atsp	0.01	1776	0.01	15
ftv47.atsp	0	1776	0	8
ftv47.atsp	0	1776	0	9
ftv47.atsp	0.01	1776	0.01	20
ftv47.atsp	0	1776	0	8
ftv47.atsp	0.01	1776	0.01	15
ftv47.atsp	0	1776	0	7
ftv47.atsp	0	1776	0	12
ftv47.atsp	0.01	1776	0.01	10
ftv47.atsp	0.01	1776	0.01	14
ftv47.atsp	0.01	1776	0.01	9
ry48p.atsp	0.06	14422	0.06	129
ry48p.atsp	0.12	14422	0.12	126
ry48p.atsp	0.06	14422	0.06	172
ry48p.atsp	0.03	14422	0.03	74
ry48p.atsp	0.1	14422	0.1	256
ry48p.atsp	0.03	14422	0.03	75
ry48p.atsp	0.04	14422	0.04	118
ry48p.atsp	0.03	14422	0.03	78
ry48p.atsp	0.01	14422	0.01	26
ry48p.atsp	0.04	14422	0.04	99
ry48p.atsp	0.03	14422	0.03	68
ry48p.atsp	0.02	14422	0.02	50
ry48p.atsp	0.04	14422	0.04	89
ry48p.atsp	0.05	14422	0.05	145
ry48p.atsp	0.04	14422	0.04	101
ry48p.atsp	0.06	14422	0.06	162
ry48p.atsp	0.07	14422	0.07	183
ry48p.atsp	0.06	14422	0.06	160
ry48p.atsp	0.13	14422	0.13	371
ry48p.atsp	0.03	14422	0.03	87
ry48p.atsp	0.02	14422	0.02	55
ry48p.atsp	0.02	14422	0.02	50
ry48p.atsp	0.06	14422	0.06	154
ry48p.atsp	0.01	14422	0.01	38
ry48p.atsp	0.06	14422	0.06	172
ry48p.atsp	0.03	14422	0.03	88
ry48p.atsp	0.08	14422	0.08	217
ry48p.atsp	0.05	14422	0.05	146
ry48p.atsp	0.02	14422	0.02	57
ry48p.atsp	0.02	14422	0.02	49
ft53.atsp	0.01	6905	0.01	29
ft53.atsp	0.01	6905	0.01	23
ft53.atsp	0.05	6905	0.05	141
ft53.atsp	0.01	6905	0.01	24
ft53.atsp	0.01	6905	0.01	15
ft53.atsp	0.03	6905	0.03	79
ft53.atsp	0.01	6905	0.01	10
ft53.atsp	0.02	6905	0.02	55
ft53.atsp	0.01	6905	0.01	27
ft53.atsp	0.01	6905	0.01	14
ft53.atsp	0.01	6905	0.01	38
ft53.atsp	0.02	6905	0.02	59
ft53.atsp	0.01	6905	0.01	22
ft53.atsp	0	6905	0	7
ft53.atsp	0.01	6905	0.01	16
ft53.atsp	0.01	6905	0.01	14
ft53.atsp	0.05	6905	0.05	155
ft53.atsp	0.01	6905	0.01	12
ft53.atsp	0.02	6905	0.02	48
ft53.atsp	0.01	6905	0.01	12
ft53.atsp	0.01	6905	0.01	17
ft53.atsp	0.03	6905	0.03	83
ft53.atsp	0.03	6905	0.03	98
ft53.atsp	0.01	6905	0.01	31
ft53.atsp	0.02	6905	0.02	47
ft53.atsp	0.01	6905	0.01	22
ft53.atsp	0.01	6905	0.01	8
ft53.atsp	0.02	6905	0.02	52
ft53.atsp	0.02	6905	0.02	46
ft53.atsp	0.03	6905	0.03	88
ftv55.atsp	0.01	1608	0.01	24
ftv55.atsp	0.01	1608	0.01	18
ftv55.atsp	0.01	1608	0.01	26
ftv55.atsp	0.01	1608	0.01	18
ftv55.atsp	0	1608	0	8
ftv55.atsp	0.01	1608	0.01	46
ftv55.atsp	0.01	1608	0.01	24
ftv55.atsp	0.01	1608	0.01	32
ftv55.atsp	0	1608	0	8
ftv55.atsp	0.01	1608	0.01	13
ftv55.atsp	0.01	1608	0.01	12
ftv55.atsp	0.01	1608	0.01	39
ftv55.atsp	0	1608	0	5
ftv55.atsp	0.01	1608	0.01	17
ftv55.atsp	0.01	1608	0.01	20
ftv55.atsp	0.01	1608	0.01	25
ftv55.atsp	0.01	1608	0.01	39
ftv55.atsp	0	1608	0	6
ftv55.atsp	0.01	1608	0.01	20
ftv55.atsp	0	1608	0	9
ftv55.atsp	0	1608	0	8
ftv55.atsp	0.01	1608	0.01	31
ftv55.atsp	0.01	1608	0.01	28
ftv55.atsp	0	1608	0	5
ftv55.atsp	0	1608	0	13
ftv55.atsp	0.01	1608	0.01	31
ftv55.atsp	0.01	1608	0.01	26
ftv55.atsp	0.01	1608	0.01	16
ftv55.atsp	0.01	1608	0.01	35
ftv55.atsp	0.01	1608	0.01	21
ftv64.atsp	0.02	1839	0.02	37
ftv64.atsp	0.01	1839	0.01	19
ftv64.atsp	0.02	1839	0.02	58
ftv64.atsp	0.01	1839	0.01	22
ftv64.atsp	0.01	1839	0.01	19
ftv64.atsp	0.01	1839	0.01	24
ftv64.atsp	0.01	1839	0.01	25
ftv64.atsp	0.01	1839	0.01	20
ftv64.atsp	0.02	1839	0.02	44
ftv64.atsp	0.01	1839	0.01	14
ftv64.atsp	0.02	1839	0.02	57
ftv64.atsp	0.02	1839	0.02	50
ftv64.atsp	0.01	1839	0.01	24
ftv64.atsp	0.01	1839	0.01	31
ftv64.atsp	0.01	1839	0.01	41
ftv64.atsp	0.02	1839	0.02	65
ftv64.atsp	0.01	1839	0.01	23
ftv64.atsp	0.01	1839	0.01	29
ftv64.atsp	0.01	1839	0.01	34
ftv64.atsp	0.03	1839	0.03	81
ftv64.atsp	0.03	1839	0.03	66
ftv64.atsp	0.02	1839	0.02	40
ftv64.atsp	0.01	1839	0.01	42
ftv64.atsp	0.01	1839	0.01	32
ftv64.atsp	0.01	1839	0.01	28
ftv64.atsp	0.01	1839	0.01	31
ftv64.atsp	0.01	1839	0.01	42
ftv64.atsp	0.01	1839	0.01	42
ftv64.atsp	0.02	1839	0.02	52
ftv64.atsp	0.01	1839	0.01	27
ft70.atsp	0.16	38673	0.16	318
ft70.atsp	0.04	38673	0.04	75
ft70.atsp	0.67	38707	0.15	1394
ft70.atsp	0.03	38673	0.03	58
ft70.atsp	0.09	38673	0.09	178
ft70.atsp	0.23	38673	0.23	504
ft70.atsp	0.24	38673	0.24	490
ft70.atsp	0.04	38673	0.04	66
ft70.atsp	0.38	38673	0.38	881
ft70.atsp	0.05	38673	0.05	99
ft70.atsp	0.15	38673	0.15	302
ft70.atsp	0.04	38673	0.04	69
ft70.atsp	0.13	38673	0.13	262
ft70.atsp	0.27	38673	0.27	540
ft70.atsp	0.27	38673	0.27	562
ft70.atsp	0.08	38673	0.08	160
ft70.atsp	0.11	38673	0.11	228
ft70.atsp	0.07	38673	0.07	141
ft70.atsp	0.22	38673	0.22	472
ft70.atsp	0.08	38673	0.08	158
ft70.atsp	0.19	38673	0.19	362
ft70.atsp	0.59	38673	0.59	1262
ft70.atsp	0.06	38673	0.06	100
ft70.atsp	0.03	38673	0.03	54
ft70.atsp	0.16	38673	0.16	314
ft70.atsp	0.03	38673	0.03	50
ft70.atsp	0.29	38673	0.29	537
ft70.atsp	0.41	38673	0.41	786
ft70.atsp	0.19	38673	0.19	387
ft70.atsp	0.04	38673	0.04	78
ftv70.atsp	0.02	1950	0.02	51
ftv70.atsp	0.02	1950	0.02	41
ftv70.atsp	0.02	1950	0.02	39
ftv70.atsp	0.02	1950	0.02	50
ftv70.atsp	0.03	1950	0.03	51
ftv70.atsp	0.02	1950	0.02	43
ftv70.atsp	0.04	1950	0.04	75
ftv70.atsp	0.03	1950	0.03	63
ftv70.atsp	0.03	1950	0.03	58
ftv70.atsp	0.02	1950	0.02	50
ftv70.atsp	0.03	1950	0.03	53
ftv70.atsp	0.01	1950	0.01	24
ftv70.atsp	0.03	1950	0.03	64
ftv70.atsp	0.03	1950	0.03	54
ftv70.atsp	0.02	1950	0.02	51
ftv70.atsp	0.09	1950	0.09	212
ftv70.atsp	0.02	1950	0.02	45
ftv70.atsp	0.02	1950	0.02	41
ftv70.atsp	0.02	1950	0.02	49
ftv70.atsp	0.01	1950	0.01	17
ftv70.atsp	0.03	1950	0.03	69
ftv70.atsp	0.02	1950	0.02	31
ftv70.atsp	0.05	1950	0.05	108
ftv70.atsp	0.03	1950	0.03	67
ftv70.atsp	0.07	1950	0.07	149
ftv70.atsp	0.01	1950	0.01	13
ftv70.atsp	0.02	1950	0.02	34
ftv70.atsp	0.02	1950	0.02	44
ftv70.atsp	0.02	1950	0.02	44
ftv70.atsp	0.02	1950	0.01	32
ftv90.atsp	0.03	1579	0.03	53
ftv90.atsp	1.48	1579	1.48	51
ftv90.atsp	0.01	1579	0.01	20
ftv90.atsp	0.03	1579	0.03	45
ftv90.atsp	0.01	1579	0.01	26
ftv90.atsp	0.01	1579	0.01	24
ftv90.atsp	0.01	1579	0.01	26
ftv90.atsp	0.02	1579	0.02	33
ftv90.atsp	0.03	1579	0.03	43
ftv90.atsp	0.03	1579	0.03	52
ftv90.atsp	0.03	1579	0.03	60
ftv90.atsp	0.01	1579	0.01	22
ftv90.atsp	0.02	1579	0.02	27
ftv90.atsp	0.02	1579	0.02	30
ftv90.atsp	0.03	1579	0.03	52
ftv90.atsp	0.05	1579	0.05	78
ftv90.atsp	0.02	1579	0.02	27
ftv90.atsp	0.03	1579	0.03	44
ftv90.atsp	0.02	1579	0.02	37
ftv90.atsp	0.01	1579	0.01	11
ftv90.atsp	0.01	1579	0.01	15
ftv90.atsp	0.01	1579	0.01	16
ftv90.atsp	0.02	1579	0.02	32
ftv90.atsp	0.03	1579	0.03	44
ftv90.atsp	0.01	1579	0.01	22
ftv90.atsp	0.01	1579	0.01	12
ftv90.atsp	0.03	1579	0.03	47
ftv90.atsp	0.01	1579	0.01	22
ftv90.atsp	0.02	1579	0.02	34
ftv90.atsp	0.02	1579	0.02	39
kro124p.atsp	0.05	36230	0.05	63
kro124p.atsp	0.04	36230	0.04	47
kro124p.atsp	0.02	36230	0.02	16
kro124p.atsp	0.03	36230	0.03	29
kro124p.atsp	0.05	36230	0.05	50
kro124p.atsp	0.03	36230	0.03	28
kro124p.atsp	0.05	36230	0.05	59
kro124p.atsp	0.05	36230	0.05	56
kro124p.atsp	0.05	36230	0.05	59
kro124p.atsp	0.03	36230	0.03	38
kro124p.atsp	0.04	36230	0.04	47
kro124p.atsp	0.02	36230	0.02	18
kro124p.atsp	0.03	36230	0.03	28
kro124p.atsp	0.04	36230	0.04	37
kro124p.atsp	0.07	36230	0.07	82
kro124p.atsp	0.04	36230	0.04	41
kro124p.atsp	0.04	36230	0.04	43
kro124p.atsp	0.03	36230	0.03	25
kro124p.atsp	0.03	36230	0.03	26
kro124p.atsp	0.07	36230	0.07	64
kro124p.atsp	0.1	36230	0.1	117
kro124p.atsp	0.11	36230	0.11	132
kro124p.atsp	0.04	36230	0.04	52
kro124p.atsp	0.04	36230	0.04	45
kro124p.atsp	0.05	36230	0.05	44
kro124p.atsp	0.06	36230	0.06	66
kro124p.atsp	0.03	36230	0.03	27
kro124p.atsp	0.04	36230	0.04	42
kro124p.atsp	0.02	36230	0.02	19
kro124p.atsp	0.05	36230	0.05	54
ftv100.atsp	0.02	1788	0.02	27
ftv100.atsp	0.04	1788	0.04	55
ftv100.atsp	0.03	1788	0.03	39
ftv100.atsp	0.06	1788	0.06	88
ftv100.atsp	0.14	1788	0.14	213
ftv100.atsp	0.02	1788	0.02	23
ftv100.atsp	0.05	1788	0.05	83
ftv100.atsp	0.03	1788	0.03	37
ftv100.atsp	0.02	1788	0.02	31
ftv100.atsp	0.04	1788	0.04	53
ftv100.atsp	0.02	1788	0.02	24
ftv100.atsp	0.02	1788	0.02	23
ftv100.atsp	0.03	1788	0.03	47
ftv100.atsp	0.03	1788	0.03	41
ftv100.atsp	0.02	1788	0.02	26
ftv100.atsp	0.01	1788	0.01	18
ftv100.atsp	0.02	1788	0.02	30
ftv100.atsp	0.02	1788	0.02	29
ftv100.atsp	0.02	1788	0.02	23
ftv100.atsp	0.02	1788	0.02	33
ftv100.atsp	0.02	1788	0.02	28
ftv100.atsp	0.03	1788	0.03	34
ftv100.atsp	0.06	1788	0.06	80
ftv100.atsp	0.02	1788	0.02	22
ftv100.atsp	0.01	1788	0.01	19
ftv100.atsp	0.03	1788	0.03	45
ftv100.atsp	0.03	1788	0.03	41
ftv100.atsp	0.02	1788	0.02	24
ftv100.atsp	0.03	1788	0.03	48
ftv100.atsp	0.09	1788	0.09	122
ftv110.atsp	0.57	1958	0.57	747
ftv110.atsp	0.05	1958	0.05	54
ftv110.atsp	0.12	1958	0.12	154
ftv110.atsp	1.29	1960	0.3	1756
ftv110.atsp	0.16	1958	0.16	210
ftv110.atsp	0.88	1958	0.88	1156
ftv110.atsp	0.38	1958	0.38	478
ftv110.atsp	0.65	1958	0.65	602
ftv110.atsp	0.22	1958	0.22	282
ftv110.atsp	0.04	1958	0.04	44
ftv110.atsp	0.42	1958	0.42	538
ftv110.atsp	0.06	1958	0.06	75
ftv110.atsp	0.06	1958	0.06	75
ftv110.atsp	0.2	1958	0.2	264
ftv110.atsp	0.68	1958	0.68	869
ftv110.atsp	0.07	1958	0.07	89
ftv110.atsp	0.07	1958	0.07	76
ftv110.atsp	0.25	1958	0.25	312
ftv110.atsp	0.15	1958	0.15	173
ftv110.atsp	0.07	1958	0.07	84
ftv110.atsp	0.13	1958	0.13	160
ftv110.atsp	0.04	1958	0.04	43
ftv110.atsp	0.07	1958	0.07	79
ftv110.atsp	0.05	1958	0.05	58
ftv110.atsp	0.09	1958	0.09	115
ftv110.atsp	1.04	1958	1.04	1340
ftv110.atsp	0.45	1958	0.45	575
ftv110.atsp	0.5	1958	0.5	642
ftv110.atsp	0.87	1958	0.87	1112
ftv110.atsp	0.38	1958	0.38	482
ftv120.atsp	0.6	2166	0.6	664
ftv120.atsp	0.12	2166	0.12	126
ftv120.atsp	0.91	2166	0.91	1003
ftv120.atsp	0.1	2166	0.1	100
ftv120.atsp	0.2	2166	0.2	191
ftv120.atsp	0.31	2166	0.31	315
ftv120.atsp	1.78	2166	1.78	75
ftv120.atsp	0.61	2166	0.61	677
ftv120.atsp	0.28	2166	0.28	300
ftv120.atsp	0.66	2166	0.66	734
ftv120.atsp	0.41	2166	0.41	441
ftv120.atsp	0.58	2166	0.58	643
ftv120.atsp	0.57	2166	0.57	595
ftv120.atsp	0.71	2166	0.71	745
ftv120.atsp	0.7	2166	0.7	718
ftv120.atsp	0.78	2166	0.78	841
ftv120.atsp	0.11	2166	0.11	105
ftv120.atsp	0.2	2166	0.2	201
ftv120.atsp	0.59	2166	0.59	609
ftv120.atsp	0.58	2166	0.58	648
ftv120.atsp	1.62	2166	1.62	1627
ftv120.atsp	1.69	2172	0.11	1833
ftv120.atsp	1.55	2166	1.55	1296
ftv120.atsp	1.05	2166	1.05	1219
ftv120.atsp	0.03	2166	0.03	28
ftv120.atsp	0.52	2166	0.52	581
ftv120.atsp	1.33	2166	1.33	1622
ftv120.atsp	0.68	2166	0.68	835
ftv120.atsp	0.8	2166	0.8	931
ftv120.atsp	0.82	2166	0.82	986
ftv130.atsp	0.17	2307	0.17	184
ftv130.atsp	0.14	2307	0.14	143
ftv130.atsp	0.05	2307	0.05	47
ftv130.atsp	0.13	2307	0.13	137
ftv130.atsp	0.04	2307	0.04	41
ftv130.atsp	0.07	2307	0.07	73
ftv130.atsp	0.08	2307	0.08	80
ftv130.atsp	0.11	2307	0.11	117
ftv130.atsp	0.07	2307	0.07	73
ftv130.atsp	0.13	2307	0.13	139
ftv130.atsp	0.04	2307	0.04	41
ftv130.atsp	0.51	2307	0.51	565
ftv130.atsp	0.54	2307	0.54	559
ftv130.atsp	0.07	2307	0.07	68
ftv130.atsp	0.14	2307	0.14	149
ftv130.atsp	0.12	2307	0.12	116
ftv130.atsp	0.15	2307	0.15	143
ftv130.atsp	0.1	2307	0.1	105
ftv130.atsp	0.05	2307	0.05	53
ftv130.atsp	0.07	2307	0.07	68
ftv130.atsp	0.19	2307	0.19	186
ftv130.atsp	0.05	2307	0.05	51
ftv130.atsp	0.08	2307	0.08	79
ftv130.atsp	0.05	2307	0.05	50
ftv130.atsp	0.13	2307	0.13	130
ftv130.atsp	0.1	2307	0.1	102
ftv130.atsp	0.23	2307	0.23	245
ftv130.atsp	0.06	2307	0.06	55
ftv130.atsp	0.08	2307	0.08	76
ftv130.atsp	1.34	2307	1.34	1398
ftv140.atsp	0.56	2420	0.56	496
ftv140.atsp	0.51	2420	0.51	463
ftv140.atsp	0.13	2420	0.13	105
ftv140.atsp	0.38	2420	0.38	134
ftv140.atsp	0.07	2420	0.07	64
ftv140.atsp	1.5	2420	1.5	1423
ftv140.atsp	0.62	2420	0.62	607
ftv140.atsp	0.25	2420	0.25	234
ftv140.atsp	0.04	2420	0.04	32
ftv140.atsp	0.2	2420	0.2	170
ftv140.atsp	0.53	2420	0.53	493
ftv140.atsp	0.19	2420	0.19	142
ftv140.atsp	0.39	2420	0.39	355
ftv140.atsp	0.11	2420	0.11	104
ftv140.atsp	0.23	2420	0.23	207
ftv140.atsp	0.1	2420	0.1	84
ftv140.atsp	0.53	2420	0.53	483
ftv140.atsp	0.18	2420	0.18	155
ftv140.atsp	0.12	2420	0.12	99
ftv140.atsp	0.37	2420	0.37	327
ftv140.atsp	0.95	2420	0.95	854
ftv140.atsp	0.27	2420	0.27	236
ftv140.atsp	0.24	2420	0.24	197
ftv140.atsp	0.3	2420	0.3	263
ftv140.atsp	0.83	2420	0.83	805
ftv140.atsp	0.21	2420	0.21	197
ftv140.atsp	0.31	2420	0.31	270
ftv140.atsp	0.17	2420	0.17	152
ftv140.atsp	0.26	2420	0.26	244
ftv140.atsp	0.26	2420	0.26	242
ftv150.atsp	0.26	2611	0.26	242
ftv150.atsp	0.04	2611	0.04	34
ftv150.atsp	0.42	2611	0.42	376
ftv150.atsp	0.24	2611	0.24	214
ftv150.atsp	0.11	2611	0.11	95
ftv150.atsp	0.11	2611	0.11	99
ftv150.atsp	0.21	2611	0.21	193
ftv150.atsp	0.1	2611	0.1	90
ftv150.atsp	0.25	2611	0.25	227
ftv150.atsp	0.06	2611	0.06	47
ftv150.atsp	0.13	2611	0.13	113
ftv150.atsp	0.21	2611	0.21	199
ftv150.atsp	0.13	2611	0.13	112
ftv150.atsp	0.32	2611	0.32	282
